  -5.191000 -4.583000   9   10 6500   30   70   0.996790 1.000000 -8.908610 0.000000 0.000000 0.000000
  -4.583000 -4.013000   9   10 6500   30   120   0.996790 1.000000 -0.168376 1.860380 -0.098366 -0.000012
  -4.013000 -3.839000   9   10 6500   30   140   0.996790 1.000000 1.184480 -0.134103 -1.951600 1.469780
  -3.839000 -3.489000   9   10 6500   30   200   0.996790 1.000000 -0.632672 0.741883 -0.081845 -1.448220
  -3.489000 -3.314000   9   10 6500   30   240   0.996790 1.000000 -0.019126 0.418311 -0.043505 0.728980
  -3.314000 -3.139000   9   10 6500   30   280   0.996790 1.000000 2.173080 -0.443965 0.042583 -4.353840
  -3.139000 -2.964000   9   10 6500   30   330   0.996790 1.000000 1.150000 -0.030504 0.000000 0.227090
  -2.964000 -2.853000   9   10 6500   30   370   0.996790 1.000000 -0.935113 0.882384 -0.090093 0.952780
  -2.853000 -2.650000   9   10 6500   30   460   0.996790 1.000000 0.800194 0.266234 -0.030407 -4.598290
  -2.650000 -2.500000   9   10 6500   30   530   0.996790 1.000000 1.682210 -0.088011 -0.000000 -6.347010
  -2.500000 -2.322000   9   10 6500   30   620   0.996790 1.000000 1.234760 -0.014787 -0.002748 -2.973610
  -2.322000 -2.172000   9   10 6500   30   700   0.996790 1.000000 1.096540 -0.011026 0.000166 -0.896799
  -2.172000 -1.930000   9   10 6500   30   860   0.996790 1.000000 1.121790 -0.018238 -0.000000 -1.511700
  -1.930000 -1.653000   9   10 6500   30   1040   0.996790 1.000000 0.952477 0.043901 -0.006120 -0.684978
  -1.653000 -1.479000   9   10 6500   30   1160   0.996790 1.000000 0.963317 0.038613 -0.006233 -0.612996
  -1.479000 -1.305000   9   10 6500   30   1210   0.996790 1.000000 1.077540 -0.017744 -0.000000 -1.046370
  -1.305000 -1.044000   9   10 6500   30   1210   0.996790 1.000000 1.139540 -0.061579 0.006177 -0.205439
  -1.044000 -0.783000   9   10 6500   30   1270   0.996790 1.000000 1.043870 -0.022996 0.002522 0.453937
  -0.783000 -0.522000   9   10 6500   30   1320   0.996790 1.000000 0.980322 0.008545 -0.000831 0.059902
  -0.522000 -0.261000   9   10 6500   30   1340   0.996790 1.000000 0.929532 0.029968 -0.002911 0.136532
  -0.261000 -0.000000   9   10 6500   30   1380   0.996790 1.000000 0.948915 0.021564 -0.002185 0.307920
  -0.000000 -0.261000   9   10 6500   30   1380   0.996790 1.000000 0.948915 0.021564 -0.002185 0.307920
  -0.261000 -0.522000   9   10 6500   30   1340   0.996790 1.000000 0.929532 0.029968 -0.002911 0.136532
  -0.522000 -0.783000   9   10 6500   30   1320   0.996790 1.000000 0.980322 0.008545 -0.000831 0.059902
  -0.783000 -1.044000   9   10 6500   30   1270   0.996790 1.000000 1.043870 -0.022996 0.002522 0.453937
  -1.044000 -1.305000   9   10 6500   30   1210   0.996790 1.000000 1.139540 -0.061579 0.006177 -0.205439
  -1.305000 -1.479000   9   10 6500   30   1210   0.996790 1.000000 1.077540 -0.017744 -0.000000 -1.046370
  -1.479000 -1.653000   9   10 6500   30   1160   0.996790 1.000000 0.963317 0.038613 -0.006233 -0.612996
  -1.653000 -1.930000   9   10 6500   30   1040   0.996790 1.000000 0.952477 0.043901 -0.006120 -0.684978
  -1.930000 -2.172000   9   10 6500   30   860   0.996790 1.000000 1.121790 -0.018238 -0.000000 -1.511700
  -2.172000 -2.322000   9   10 6500   30   700   0.996790 1.000000 1.096540 -0.011026 0.000166 -0.896799
  -2.322000 -2.500000   9   10 6500   30   620   0.996790 1.000000 1.234760 -0.014787 -0.002748 -2.973610
  -2.500000 -2.650000   9   10 6500   30   530   0.996790 1.000000 1.682210 -0.088011 -0.000000 -6.347010
  -2.650000 -2.853000   9   10 6500   30   460   0.996790 1.000000 0.800194 0.266234 -0.030407 -4.598290
  -2.853000 -2.964000   9   10 6500   30   370   0.996790 1.000000 -0.935113 0.882384 -0.090093 0.952780
  -2.964000 -3.139000   9   10 6500   30   330   0.996790 1.000000 1.150000 -0.030504 0.000000 0.227090
  -3.139000 -3.314000   9   10 6500   30   280   0.996790 1.000000 2.173080 -0.443965 0.042583 -4.353840
  -3.314000 -3.489000   9   10 6500   30   240   0.996790 1.000000 -0.019126 0.418311 -0.043505 0.728980
  -3.489000 -3.839000   9   10 6500   30   200   0.996790 1.000000 -0.632672 0.741883 -0.081845 -1.448220
  -3.839000 -4.013000   9   10 6500   30   140   0.996790 1.000000 1.184480 -0.134103 -1.951600 1.469780
  -4.013000 -4.583000   9   10 6500   30   120   0.996790 1.000000 -0.168376 1.860380 -0.098366 -0.000012
  -4.583000 -5.191000   9   10 6500   30   70   0.996790 1.000000 -8.908610 0.000000 0.000000 0.000000
